R0301|10000969|510050C1803A02600  |50ETF购3月2553A     |510050|50ETF   |EBS|E|C|      10185|     2.5530|20170727|20180328|20180328|20180329|20180328|0|        1837|     0.3438|     0.3421|     2.8660|N|     0.6287|     0.0555|         6987.11| 12.00|  7.00|           1|           1|          30|           1|          10|     0.0001|0000E   |        
R0301|10000970|510050C1803A02650  |50ETF购3月2602A     |510050|50ETF   |EBS|E|C|      10185|     2.6020|20170727|20180328|20180328|20180329|20180328|0|        1452|     0.3008|     0.3004|     2.8660|N|     0.5870|     0.0138|         6562.40| 12.00|  7.00|           1|           1|          30|           1|          10|     0.0001|0000E   |        
R0301|10000971|510050C1803A02700  |50ETF购3月2651A     |510050|50ETF   |EBS|E|C|      10185|     2.6510|20170727|20180328|20180328|20180329|20180328|0|        2096|     0.2599|     0.2564|     2.8660|N|     0.5430|     0.0001|         6114.26| 12.00|  7.00|           1|           1|          30|           1|          10|     0.0001|0000E   |        
R0301|10000972|510050C1803A02750  |50ETF购3月2700A     |510050|50ETF   |EBS|E|C|      10185|     2.7000|20170727|20180328|20180328|20180329|20180328|0|        1957|     0.2183|     0.2184|     2.8660|N|     0.5050|     0.0001|         5727.23| 12.00|  7.00|           1|           1|          30|           1|          10|     0.0001|0000E   |        
R0301|10000973|510050C1803A02800  |50ETF购3月2749A     |510050|50ETF   |EBS|E|C|      10185|     2.7490|20170727|20180328|20180328|20180329|20180328|0|        2625|     0.1815|     0.1813|     2.8660|N|     0.4679|     0.0001|         5349.37| 12.00|  7.00|           1|           1|          30|           1|          10|     0.0001|0000E   |        
R0301|10000974|510050P1803A02600  |50ETF沽3月2553A     |510050|50ETF   |EBS|E|P|      10185|     2.5530|20170727|20180328|20180328|20180329|20180328|0|        8709|     0.0204|     0.0204|     2.8660|N|     0.2444|     0.0001|         2027.94| 12.00|  7.00|           1|           1|          30|           1|          10|     0.0001|0000E   |        
R0301|10000975|510050P1803A02650  |50ETF沽3月2602A     |510050|50ETF   |EBS|E|P|      10185|     2.6020|20170727|20180328|20180328|20180329|20180328|0|        8179|     0.0264|     0.0264|     2.8660|N|     0.2602|     0.0001|         2123.98| 12.00|  7.00|           1|           1|          30|           1|          10|     0.0001|0000E   |        
R0301|10000976|510050P1803A02700  |50ETF沽3月2651A     |510050|50ETF   |EBS|E|P|      10185|     2.6510|20170727|20180328|20180328|20180329|20180328|0|        5892|     0.0336|     0.0336|     2.8660|N|     0.2772|     0.0001|         2232.25| 12.00|  7.00|           1|           1|          30|           1|          10|     0.0001|0000E   |        
R0301|10000977|510050P1803A02750  |50ETF沽3月2700A     |510050|50ETF   |EBS|E|P|      10185|     2.7000|20170727|20180328|20180328|20180329|20180328|0|        7429|     0.0425|     0.0440|     2.8660|N|     0.2974|     0.0001|         2373.11| 12.00|  7.00|           1|           1|          30|           1|          10|     0.0001|0000E   |        
R0301|10000978|510050P1803A02800  |50ETF沽3月2749A     |510050|50ETF   |EBS|E|P|      10185|     2.7490|20170727|20180328|20180328|20180329|20180328|0|        6936|     0.0544|     0.0544|     2.8660|N|     0.3176|     0.0001|         2865.24| 12.00|  7.00|           1|           1|          30|           1|          10|     0.0001|0000E   |        
R0301|10000985|510050C1803A02850  |50ETF购3月2798A     |510050|50ETF   |EBS|E|C|      10185|     2.7980|20170803|20180328|20180328|20180329|20180328|0|        2916|     0.1460|     0.1464|     2.8660|N|     0.4330|     0.0001|         4993.91| 12.00|  7.00|           1|           1|          30|           1|          10|     0.0001|0000E   |        
R0301|10000986|510050P1803A02850  |50ETF沽3月2798A     |510050|50ETF   |EBS|E|P|      10185|     2.7980|20170803|20180328|20180328|20180329|20180328|0|        6819|     0.0707|     0.0707|     2.8660|N|     0.3437|     0.0001|         3530.32| 12.00|  7.00|           1|           1|          30|           1|          10|     0.0001|0000E   |        
R0301|10000987|510050C1803A02550  |50ETF购3月2504A     |510050|50ETF   |EBS|E|C|      10185|     2.5040|20170807|20180328|20180328|20180329|20180328|0|        1539|     0.3884|     0.3883|     2.8660|N|     0.6749|     0.1017|         7457.66| 12.00|  7.00|           1|           1|          30|           1|          10|     0.0001|0000E   |        
R0301|10000988|510050P1803A02550  |50ETF沽3月2504A     |510050|50ETF   |EBS|E|P|      10185|     2.5040|20170807|20180328|20180328|20180329|20180328|0|       13488|     0.0160|     0.0160|     2.8660|N|     0.2302|     0.0001|         1948.19| 12.00|  7.00|           1|           1|          30|           1|          10|     0.0001|0000E   |        
R0301|10000989|510050C1803A02500  |50ETF购3月2455A     |510050|50ETF   |EBS|E|C|      10185|     2.4550|20170814|20180328|20180328|20180329|20180328|0|        9958|     0.4344|     0.4338|     2.8660|N|     0.7204|     0.1472|         7921.08| 12.00|  7.00|           1|           1|          30|           1|          10|     0.0001|0000E   |        
R0301|10000990|510050P1803A02500  |50ETF沽3月2455A     |510050|50ETF   |EBS|E|P|      10185|     2.4550|20170814|20180328|20180328|20180329|20180328|0|       26581|     0.0127|     0.0127|     2.8660|N|     0.2171|     0.0001|         1879.64| 12.00|  7.00|           1|           1|          30|           1|          10|     0.0001|0000E   |        
R0301|10001009|510050C1803A02900  |50ETF购3月2847A     |510050|50ETF   |EBS|E|C|      10185|     2.8470|20170829|20180328|20180328|20180329|20180328|0|        5289|     0.1186|     0.1186|     2.8660|N|     0.4052|     0.0001|         4710.77| 12.00|  7.00|           1|           1|          30|           1|          10|     0.0001|0000E   |        
R0301|10001010|510050P1803A02900  |50ETF沽3月2847A     |510050|50ETF   |EBS|E|P|      10185|     2.8470|20170829|20180328|20180328|20180329|20180328|0|        5315|     0.0899|     0.0899|     2.8660|N|     0.3727|     0.0001|         4224.94| 12.00|  7.00|           1|           1|          30|           1|          10|     0.0001|0000E   |        
R0301|10001025|510050C1806A02700  |50ETF购6月2651A     |510050|50ETF   |EBS|E|C|      10185|     2.6510|20171026|20180627|20180627|20180628|20180627|0|        3134|     0.3200|     0.3200|     2.8660|N|     0.6066|     0.0334|         6762.03| 12.00|  7.00|           1|           1|          30|           1|          10|     0.0001|0000E   |        
R0301|10001026|510050C1806A02750  |50ETF购6月2700A     |510050|50ETF   |EBS|E|C|      10185|     2.7000|20171026|20180627|20180627|20180628|20180627|0|        1397|     0.2890|     0.2887|     2.8660|N|     0.5753|     0.0021|         6443.23| 12.00|  7.00|           1|           1|          30|           1|          10|     0.0001|0000E   |        
R0301|10001027|510050C1806A02800  |50ETF购6月2749A     |510050|50ETF   |EBS|E|C|      10185|     2.7490|20171026|20180627|20180627|20180628|20180627|0|        1207|     0.2560|     0.2555|     2.8660|N|     0.5421|     0.0001|         6105.09| 12.00|  7.00|           1|           1|          30|           1|          10|     0.0001|0000E   |        
R0301|10001028|510050C1806A02850  |50ETF购6月2798A     |510050|50ETF   |EBS|E|C|      10185|     2.7980|20171026|20180627|20180627|20180628|20180627|0|        2098|     0.2264|     0.2257|     2.8660|N|     0.5123|     0.0001|         5801.58| 12.00|  7.00|           1|           1|          30|           1|          10|     0.0001|0000E   |        
R0301|10001029|510050C1806A02900  |50ETF购6月2847A     |510050|50ETF   |EBS|E|C|      10185|     2.8470|20171026|20180627|20180627|20180628|20180627|0|        3103|     0.1992|     0.1992|     2.8660|N|     0.4858|     0.0001|         5531.68| 12.00|  7.00|           1|           1|          30|           1|          10|     0.0001|0000E   |        
R0301|10001030|510050P1806A02700  |50ETF沽6月2651A     |510050|50ETF   |EBS|E|P|      10185|     2.6510|20171026|20180627|20180627|20180628|20180627|0|        5983|     0.0792|     0.0791|     2.8660|N|     0.3227|     0.0001|         2695.66| 12.00|  7.00|           1|           1|          30|           1|          10|     0.0001|0000E   |        
R0301|10001031|510050P1806A02750  |50ETF沽6月2700A     |510050|50ETF   |EBS|E|P|      10185|     2.7000|20171026|20180627|20180627|20180628|20180627|0|        4946|     0.0942|     0.0936|     2.8660|N|     0.3470|     0.0001|         2878.28| 12.00|  7.00|           1|           1|          30|           1|          10|     0.0001|0000E   |        
R0301|10001032|510050P1806A02800  |50ETF沽6月2749A     |510050|50ETF   |EBS|E|P|      10185|     2.7490|20171026|20180627|20180627|20180628|20180627|0|        2546|     0.1105|     0.1109|     2.8660|N|     0.3741|     0.0001|         3440.70| 12.00|  7.00|           1|           1|          30|           1|          10|     0.0001|0000E   |        
R0301|10001033|510050P1806A02850  |50ETF沽6月2798A     |510050|50ETF   |EBS|E|P|      10185|     2.7980|20171026|20180627|20180627|20180628|20180627|0|        1997|     0.1300|     0.1300|     2.8660|N|     0.4030|     0.0001|         4134.30| 12.00|  7.00|           1|           1|          30|           1|          10|     0.0001|0000E   |        
R0301|10001034|510050P1806A02900  |50ETF沽6月2847A     |510050|50ETF   |EBS|E|P|      10185|     2.8470|20171026|20180627|20180627|20180628|20180627|0|        2548|     0.1506|     0.1520|     2.8660|N|     0.4348|     0.0001|         4857.43| 12.00|  7.00|           1|           1|          30|           1|          10|     0.0001|0000E   |        
R0301|10001039|510050C1803A02950  |50ETF购3月2896A     |510050|50ETF   |EBS|E|C|      10185|     2.8960|20171027|20180328|20180328|20180329|20180328|0|        3216|     0.0936|     0.0932|     2.8660|N|     0.3768|     0.0001|         4146.52| 12.00|  7.00|           1|           1|          30|           1|          10|     0.0001|0000E   |        
R0301|10001040|510050P1803A02950  |50ETF沽3月2896A     |510050|50ETF   |EBS|E|P|      10185|     2.8960|20171027|20180328|20180328|20180329|20180328|0|        5168|     0.1139|     0.1139|     2.8660|N|     0.4005|     0.0001|         4662.90| 12.00|  7.00|           1|           1|          30|           1|          10|     0.0001|0000E   |        
R0301|10001041|510050C1806A02950  |50ETF购6月2896A     |510050|50ETF   |EBS|E|C|      10185|     2.8960|20171027|20180627|20180627|20180628|20180627|0|        2975|     0.1765|     0.1763|     2.8660|N|     0.4599|     0.0001|         4992.89| 12.00|  7.00|           1|           1|          30|           1|          10|     0.0001|0000E   |        
R0301|10001042|510050P1806A02950  |50ETF沽6月2896A     |510050|50ETF   |EBS|E|P|      10185|     2.8960|20171027|20180627|20180627|20180628|20180627|0|        2032|     0.1770|     0.1770|     2.8660|N|     0.4636|     0.0001|         5305.57| 12.00|  7.00|           1|           1|          30|           1|          10|     0.0001|0000E   |        
R0301|10001047|510050C1803A03000  |50ETF购3月2946A     |510050|50ETF   |EBS|E|C|      10185|     2.9460|20171108|20180328|20180328|20180329|20180328|0|        5440|     0.0715|     0.0715|     2.8660|N|     0.3501|     0.0001|         3416.25| 12.00|  7.00|           1|           1|          30|           1|          10|     0.0001|0000E   |        
R0301|10001048|510050P1803A03000  |50ETF沽3月2946A     |510050|50ETF   |EBS|E|P|      10185|     2.9460|20171108|20180328|20180328|20180329|20180328|0|        2522|     0.1422|     0.1422|     2.8660|N|     0.4288|     0.0001|         4951.13| 12.00|  7.00|           1|           1|          30|           1|          10|     0.0001|0000E   |        
R0301|10001049|510050C1806A03000  |50ETF购6月2946A     |510050|50ETF   |EBS|E|C|      10185|     2.9460|20171108|20180627|20180627|20180628|20180627|0|        2389|     0.1550|     0.1533|     2.8660|N|     0.4319|     0.0001|         4249.39| 12.00|  7.00|           1|           1|          30|           1|          10|     0.0001|0000E   |        
R0301|10001050|510050P1806A03000  |50ETF沽6月2946A     |510050|50ETF   |EBS|E|P|      10185|     2.9460|20171108|20180627|20180627|20180628|20180627|0|        2260|     0.2032|     0.2043|     2.8660|N|     0.4909|     0.0001|         5583.62| 12.00|  7.00|           1|           1|          30|           1|          10|     0.0001|0000E   |        
R0301|10001055|510050C1803A03100  |50ETF购3月3044A     |510050|50ETF   |EBS|E|C|      10185|     3.0440|20171114|20180328|20180328|20180329|20180328|0|        9351|     0.0418|     0.0418|     2.8660|N|     0.3106|     0.0001|         2469.05| 12.00|  7.00|           1|           1|          30|           1|          10|     0.0001|0000E   |        
R0301|10001056|510050P1803A03100  |50ETF沽3月3044A     |510050|50ETF   |EBS|E|P|      10185|     3.0440|20171114|20180328|20180328|20180329|20180328|0|        3184|     0.2082|     0.2082|     2.8660|N|     0.4948|     0.0001|         5623.34| 12.00|  7.00|           1|           1|          30|           1|          10|     0.0001|0000E   |        
R0301|10001057|510050C1806A03100  |50ETF购6月3044A     |510050|50ETF   |EBS|E|C|      10185|     3.0440|20171114|20180627|20180627|20180628|20180627|0|        6531|     0.1183|     0.1182|     2.8660|N|     0.3870|     0.0001|         3247.18| 12.00|  7.00|           1|           1|          30|           1|          10|     0.0001|0000E   |        
R0301|10001058|510050P1806A03100  |50ETF沽6月3044A     |510050|50ETF   |EBS|E|P|      10185|     3.0440|20171114|20180627|20180627|20180628|20180627|0|        3040|     0.2650|     0.2651|     2.8660|N|     0.5517|     0.0001|         6202.87| 12.00|  7.00|           1|           1|          30|           1|          10|     0.0001|0000E   |        
R0301|10001063|510050C1803A03200  |50ETF购3月3142A     |510050|50ETF   |EBS|E|C|      10185|     3.1420|20171120|20180328|20180328|20180329|20180328|0|       15866|     0.0243|     0.0243|     2.8660|N|     0.2833|     0.0001|         2290.81| 12.00|  7.00|           1|           1|          30|           1|          10|     0.0001|0000E   |        
R0301|10001064|510050P1803A03200  |50ETF沽3月3142A     |510050|50ETF   |EBS|E|P|      10185|     3.1420|20171120|20180328|20180328|20180329|20180328|0|        4753|     0.2847|     0.2894|     2.8660|N|     0.5760|     0.0028|         6450.36| 12.00|  7.00|           1|           1|          30|           1|          10|     0.0001|0000E   |        
R0301|10001065|510050C1806A03200  |50ETF购6月3142A     |510050|50ETF   |EBS|E|C|      10185|     3.1420|20171120|20180627|20180627|20180628|20180627|0|        8708|     0.0917|     0.0908|     2.8660|N|     0.3498|     0.0001|         2968.11| 12.00|  7.00|           1|           1|          30|           1|          10|     0.0001|0000E   |        
R0301|10001066|510050P1806A03200  |50ETF沽6月3142A     |510050|50ETF   |EBS|E|P|      10185|     3.1420|20171120|20180627|20180627|20180628|20180627|0|        1967|     0.3298|     0.3309|     2.8660|N|     0.6175|     0.0443|         6873.04| 12.00|  7.00|           1|           1|          30|           1|          10|     0.0001|0000E   |        
R0301|10001069|510050C1803A03300  |50ETF购3月3240A     |510050|50ETF   |EBS|E|C|      10185|     3.2400|20171123|20180328|20180328|20180329|20180328|0|       15777|     0.0148|     0.0148|     2.8660|N|     0.2640|     0.0001|         2194.05| 12.00|  7.00|           1|           1|          30|           1|          10|     0.0001|0000E   |        
R0301|10001070|510050P1803A03300  |50ETF沽3月3240A     |510050|50ETF   |EBS|E|P|      10185|     3.2400|20171123|20180328|20180328|20180329|20180328|0|        1443|     0.3748|     0.3757|     2.8660|N|     0.6623|     0.0891|         7329.33| 12.00|  7.00|           1|           1|          30|           1|          10|     0.0001|0000E   |        
R0301|10001071|510050C1806A03300  |50ETF购6月3240A     |510050|50ETF   |EBS|E|C|      10185|     3.2400|20171123|20180627|20180627|20180628|20180627|0|       12174|     0.0702|     0.0702|     2.8660|N|     0.3194|     0.0001|         2758.30| 12.00|  7.00|           1|           1|          30|           1|          10|     0.0001|0000E   |        
R0301|10001072|510050P1806A03300  |50ETF沽6月3240A     |510050|50ETF   |EBS|E|P|      10185|     3.2400|20171123|20180627|20180627|20180628|20180627|0|        2626|     0.4082|     0.4082|     2.8660|N|     0.6948|     0.1216|         7660.34| 12.00|  7.00|           1|           1|          30|           1|          10|     0.0001|0000E   |        
R0301|10001105|510050C1803M02800  |50ETF购3月2800      |510050|50ETF   |EBS|E|C|      10000|     2.8000|20171128|20180328|20180328|20180329|20180328|1|        9123|     0.1464|     0.1464|     2.8660|N|     0.4330|     0.0001|         4903.20| 12.00|  7.00|           1|           1|          30|           1|          10|     0.0001|0000E   |        
R0301|10001106|510050C1803M02850  |50ETF购3月2850      |510050|50ETF   |EBS|E|C|      10000|     2.8500|20171128|20180328|20180328|20180329|20180328|1|       14874|     0.1184|     0.1184|     2.8660|N|     0.4050|     0.0001|         4623.20| 12.00|  7.00|           1|           1|          30|           1|          10|     0.0001|0000E   |        
R0301|10001107|510050C1803M02900  |50ETF购3月2900      |510050|50ETF   |EBS|E|C|      10000|     2.9000|20171128|20180328|20180328|20180329|20180328|1|       14418|     0.0906|     0.0906|     2.8660|N|     0.3738|     0.0001|         4005.20| 12.00|  7.00|           1|           1|          30|           1|          10|     0.0001|0000E   |        
R0301|10001108|510050C1803M02950  |50ETF购3月2950      |510050|50ETF   |EBS|E|C|      10000|     2.9500|20171128|20180328|20180328|20180329|20180328|1|       15937|     0.0698|     0.0698|     2.8660|N|     0.3480|     0.0001|         3297.20| 12.00|  7.00|           1|           1|          30|           1|          10|     0.0001|0000E   |        
R0301|10001109|510050C1803M03000  |50ETF购3月3000      |510050|50ETF   |EBS|E|C|      10000|     3.0000|20171128|20180328|20180328|20180329|20180328|1|       29857|     0.0532|     0.0532|     2.8660|N|     0.3264|     0.0001|         2631.20| 12.00|  7.00|           1|           1|          30|           1|          10|     0.0001|0000E   |        
R0301|10001110|510050P1803M02800  |50ETF沽3月2800      |510050|50ETF   |EBS|E|P|      10000|     2.8000|20171128|20180328|20180328|20180329|20180328|1|       15717|     0.0712|     0.0712|     2.8660|N|     0.3446|     0.0001|         3491.20| 12.00|  7.00|           1|           1|          30|           1|          10|     0.0001|0000E   |        
R0301|10001111|510050P1803M02850  |50ETF沽3月2850      |510050|50ETF   |EBS|E|P|      10000|     2.8500|20171128|20180328|20180328|20180329|20180328|1|       15116|     0.0923|     0.0923|     2.8660|N|     0.3757|     0.0001|         4202.20| 12.00|  7.00|           1|           1|          30|           1|          10|     0.0001|0000E   |        
R0301|10001112|510050P1803M02900  |50ETF沽3月2900      |510050|50ETF   |EBS|E|P|      10000|     2.9000|20171128|20180328|20180328|20180329|20180328|1|       12175|     0.1162|     0.1162|     2.8660|N|     0.4028|     0.0001|         4601.20| 12.00|  7.00|           1|           1|          30|           1|          10|     0.0001|0000E   |        
R0301|10001113|510050P1803M02950  |50ETF沽3月2950      |510050|50ETF   |EBS|E|P|      10000|     2.9500|20171128|20180328|20180328|20180329|20180328|1|        8401|     0.1499|     0.1499|     2.8660|N|     0.4365|     0.0001|         4938.20| 12.00|  7.00|           1|           1|          30|           1|          10|     0.0001|0000E   |        
R0301|10001114|510050P1803M03000  |50ETF沽3月3000      |510050|50ETF   |EBS|E|P|      10000|     3.0000|20171128|20180328|20180328|20180329|20180328|1|       14990|     0.1769|     0.1769|     2.8660|N|     0.4635|     0.0001|         5208.20| 12.00|  7.00|           1|           1|          30|           1|          10|     0.0001|0000E   |        
R0301|10001115|510050C1806M02800  |50ETF购6月2800      |510050|50ETF   |EBS|E|C|      10000|     2.8000|20171128|20180627|20180627|20180628|20180627|1|        3135|     0.2266|     0.2256|     2.8660|N|     0.5122|     0.0001|         5695.20| 12.00|  7.00|           1|           1|          30|           1|          10|     0.0001|0000E   |        
R0301|10001116|510050C1806M02850  |50ETF购6月2850      |510050|50ETF   |EBS|E|C|      10000|     2.8500|20171128|20180627|20180627|20180628|20180627|1|        3040|     0.1988|     0.1977|     2.8660|N|     0.4843|     0.0001|         5416.20| 12.00|  7.00|           1|           1|          30|           1|          10|     0.0001|0000E   |        
R0301|10001117|510050C1806M02900  |50ETF购6月2900      |510050|50ETF   |EBS|E|C|      10000|     2.9000|20171128|20180627|20180627|20180628|20180627|1|        4644|     0.1748|     0.1736|     2.8660|N|     0.4568|     0.0001|         4835.20| 12.00|  7.00|           1|           1|          30|           1|          10|     0.0001|0000E   |        
R0301|10001118|510050C1806M02950  |50ETF购6月2950      |510050|50ETF   |EBS|E|C|      10000|     2.9500|20171128|20180627|20180627|20180628|20180627|1|        3381|     0.1528|     0.1526|     2.8660|N|     0.4308|     0.0001|         4125.20| 12.00|  7.00|           1|           1|          30|           1|          10|     0.0001|0000E   |        
R0301|10001119|510050C1806M03000  |50ETF购6月3000      |510050|50ETF   |EBS|E|C|      10000|     3.0000|20171128|20180627|20180627|20180628|20180627|1|        8865|     0.1336|     0.1333|     2.8660|N|     0.4065|     0.0001|         3432.20| 12.00|  7.00|           1|           1|          30|           1|          10|     0.0001|0000E   |        
R0301|10001120|510050P1806M02800  |50ETF沽6月2800      |510050|50ETF   |EBS|E|P|      10000|     2.8000|20171128|20180627|20180627|20180628|20180627|1|        5223|     0.1308|     0.1309|     2.8660|N|     0.4043|     0.0001|         4088.20| 12.00|  7.00|           1|           1|          30|           1|          10|     0.0001|0000E   |        
R0301|10001121|510050P1806M02850  |50ETF沽6月2850      |510050|50ETF   |EBS|E|P|      10000|     2.8500|20171128|20180627|20180627|20180628|20180627|1|        5038|     0.1533|     0.1533|     2.8660|N|     0.4367|     0.0001|         4812.20| 12.00|  7.00|           1|           1|          30|           1|          10|     0.0001|0000E   |        
R0301|10001122|510050P1806M02900  |50ETF沽6月2900      |510050|50ETF   |EBS|E|P|      10000|     2.9000|20171128|20180627|20180627|20180628|20180627|1|        5704|     0.1788|     0.1788|     2.8660|N|     0.4654|     0.0001|         5227.20| 12.00|  7.00|           1|           1|          30|           1|          10|     0.0001|0000E   |        
R0301|10001123|510050P1806M02950  |50ETF沽6月2950      |510050|50ETF   |EBS|E|P|      10000|     2.9500|20171128|20180627|20180627|20180628|20180627|1|        4886|     0.2043|     0.2063|     2.8660|N|     0.4929|     0.0001|         5502.20| 12.00|  7.00|           1|           1|          30|           1|          10|     0.0001|0000E   |        
R0301|10001124|510050P1806M03000  |50ETF沽6月3000      |510050|50ETF   |EBS|E|P|      10000|     3.0000|20171128|20180627|20180627|20180628|20180627|1|        4089|     0.2356|     0.2356|     2.8660|N|     0.5222|     0.0001|         5795.20| 12.00|  7.00|           1|           1|          30|           1|          10|     0.0001|0000E   |        
R0301|10001129|510050C1803M02750  |50ETF购3月2750      |510050|50ETF   |EBS|E|C|      10000|     2.7500|20171201|20180328|20180328|20180329|20180328|1|        4712|     0.1805|     0.1805|     2.8660|N|     0.4671|     0.0001|         5244.20| 12.00|  7.00|           1|           1|          30|           1|          10|     0.0001|0000E   |        
R0301|10001130|510050P1803M02750  |50ETF沽3月2750      |510050|50ETF   |EBS|E|P|      10000|     2.7500|20171201|20180328|20180328|20180329|20180328|1|       16450|     0.0555|     0.0555|     2.8660|N|     0.3189|     0.0001|         2834.20| 12.00|  7.00|           1|           1|          30|           1|          10|     0.0001|0000E   |        
R0301|10001131|510050C1806M02750  |50ETF购6月2750      |510050|50ETF   |EBS|E|C|      10000|     2.7500|20171201|20180627|20180627|20180628|20180627|1|        2251|     0.2540|     0.2544|     2.8660|N|     0.5410|     0.0001|         5983.20| 12.00|  7.00|           1|           1|          30|           1|          10|     0.0001|0000E   |        
R0301|10001132|510050P1806M02750  |50ETF沽6月2750      |510050|50ETF   |EBS|E|P|      10000|     2.7500|20171201|20180627|20180627|20180628|20180627|1|        3825|     0.1114|     0.1114|     2.8660|N|     0.3748|     0.0001|         3393.20| 12.00|  7.00|           1|           1|          30|           1|          10|     0.0001|0000E   |        
R0301|10001137|510050C1803M02700  |50ETF购3月2700      |510050|50ETF   |EBS|E|C|      10000|     2.7000|20171218|20180328|20180328|20180329|20180328|1|        2967|     0.2184|     0.2184|     2.8660|N|     0.5050|     0.0001|         5623.20| 12.00|  7.00|           1|           1|          30|           1|          10|     0.0001|0000E   |        
R0301|10001138|510050P1803M02700  |50ETF沽3月2700      |510050|50ETF   |EBS|E|P|      10000|     2.7000|20171218|20180328|20180328|20180329|20180328|1|        9484|     0.0440|     0.0440|     2.8660|N|     0.2974|     0.0001|         2330.00| 12.00|  7.00|           1|           1|          30|           1|          10|     0.0001|0000E   |        
R0301|10001139|510050C1806M02700  |50ETF购6月2700      |510050|50ETF   |EBS|E|C|      10000|     2.7000|20171218|20180627|20180627|20180628|20180627|1|         785|     0.2897|     0.2887|     2.8660|N|     0.5753|     0.0021|         6326.20| 12.00|  7.00|           1|           1|          30|           1|          10|     0.0001|0000E   |        
R0301|10001140|510050P1806M02700  |50ETF沽6月2700      |510050|50ETF   |EBS|E|P|      10000|     2.7000|20171218|20180627|20180627|20180628|20180627|1|        4588|     0.0936|     0.0936|     2.8660|N|     0.3470|     0.0001|         2826.00| 12.00|  7.00|           1|           1|          30|           1|          10|     0.0001|0000E   |        
R0301|10001141|510050C1802M02750  |50ETF购2月2750      |510050|50ETF   |EBS|E|C|      10000|     2.7500|20171228|20180228|20180228|20180301|20180228|0|       12253|     0.1364|     0.1353|     2.8660|N|     0.4219|     0.0001|         4792.20| 12.00|  7.00|           1|           1|          30|           1|          10|     0.0001|0010E   |        
R0301|10001142|510050C1802M02800  |50ETF购2月2800      |510050|50ETF   |EBS|E|C|      10000|     2.8000|20171228|20180228|20180228|20180301|20180228|0|       16685|     0.0950|     0.0950|     2.8660|N|     0.3816|     0.0001|         4389.20| 12.00|  7.00|           1|           1|          30|           1|          10|     0.0001|0010E   |        
R0301|10001143|510050C1802M02850  |50ETF购2月2850      |510050|50ETF   |EBS|E|C|      10000|     2.8500|20171228|20180228|20180228|20180301|20180228|0|       22275|     0.0635|     0.0635|     2.8660|N|     0.3501|     0.0001|         4074.20| 12.00|  7.00|           1|           1|          30|           1|          10|     0.0001|0010E   |        
R0301|10001144|510050C1802M02900  |50ETF购2月2900      |510050|50ETF   |EBS|E|C|      10000|     2.9000|20171228|20180228|20180228|20180301|20180228|0|       28855|     0.0386|     0.0386|     2.8660|N|     0.3218|     0.0001|         3485.20| 12.00|  7.00|           1|           1|          30|           1|          10|     0.0001|0010E   |        
R0301|10001145|510050C1802M02950  |50ETF购2月2950      |510050|50ETF   |EBS|E|C|      10000|     2.9500|20171228|20180228|20180228|20180301|20180228|0|       30170|     0.0215|     0.0215|     2.8660|N|     0.2997|     0.0001|         2814.20| 12.00|  7.00|           1|           1|          30|           1|          10|     0.0001|0010E   |        
R0301|10001146|510050P1802M02750  |50ETF沽2月2750      |510050|50ETF   |EBS|E|P|      10000|     2.7500|20171228|20180228|20180228|20180301|20180228|0|       19903|     0.0220|     0.0220|     2.8660|N|     0.2854|     0.0001|         2499.20| 12.00|  7.00|           1|           1|          30|           1|          10|     0.0001|0010E   |        
R0301|10001147|510050P1802M02800  |50ETF沽2月2800      |510050|50ETF   |EBS|E|P|      10000|     2.8000|20171228|20180228|20180228|20180301|20180228|0|       22419|     0.0309|     0.0309|     2.8660|N|     0.3043|     0.0001|         3088.20| 12.00|  7.00|           1|           1|          30|           1|          10|     0.0001|0010E   |        
R0301|10001148|510050P1802M02850  |50ETF沽2月2850      |510050|50ETF   |EBS|E|P|      10000|     2.8500|20171228|20180228|20180228|20180301|20180228|0|       22000|     0.0500|     0.0500|     2.8660|N|     0.3334|     0.0001|         3779.20| 12.00|  7.00|           1|           1|          30|           1|          10|     0.0001|0010E   |        
R0301|10001149|510050P1802M02900  |50ETF沽2月2900      |510050|50ETF   |EBS|E|P|      10000|     2.9000|20171228|20180228|20180228|20180301|20180228|0|       15031|     0.0752|     0.0752|     2.8660|N|     0.3618|     0.0001|         4191.20| 12.00|  7.00|           1|           1|          30|           1|          10|     0.0001|0010E   |        
R0301|10001150|510050P1802M02950  |50ETF沽2月2950      |510050|50ETF   |EBS|E|P|      10000|     2.9500|20171228|20180228|20180228|20180301|20180228|0|        9459|     0.1059|     0.1059|     2.8660|N|     0.3925|     0.0001|         4498.20| 12.00|  7.00|           1|           1|          30|           1|          10|     0.0001|0010E   |        
R0301|10001155|510050C1802M02650  |50ETF购2月2650      |510050|50ETF   |EBS|E|C|      10000|     2.6500|20180102|20180228|20180228|20180301|20180228|0|        3452|     0.2253|     0.2253|     2.8660|N|     0.5119|     0.0001|         5692.20| 12.00|  7.00|           1|           1|          30|           1|          10|     0.0001|0010E   |        
R0301|10001156|510050C1802M02700  |50ETF购2月2700      |510050|50ETF   |EBS|E|C|      10000|     2.7000|20180102|20180228|20180228|20180301|20180228|0|        5207|     0.1795|     0.1795|     2.8660|N|     0.4661|     0.0001|         5234.20| 12.00|  7.00|           1|           1|          30|           1|          10|     0.0001|0010E   |        
R0301|10001157|510050C1802M03000  |50ETF购2月3000      |510050|50ETF   |EBS|E|C|      10000|     3.0000|20180102|20180228|20180228|20180301|20180228|0|       65871|     0.0110|     0.0110|     2.8660|N|     0.2842|     0.0001|         2209.20| 12.00|  7.00|           1|           1|          30|           1|          10|     0.0001|0010E   |        
R0301|10001158|510050C1802M03100  |50ETF购2月3100      |510050|50ETF   |EBS|E|C|      10000|     3.1000|20180102|20180228|20180228|20180301|20180228|0|       72960|     0.0037|     0.0037|     2.8660|N|     0.2669|     0.0001|         2043.20| 12.00|  7.00|           1|           1|          30|           1|          10|     0.0001|0010E   |        
R0301|10001159|510050P1802M02650  |50ETF沽2月2650      |510050|50ETF   |EBS|E|P|      10000|     2.6500|20180102|20180228|20180228|20180301|20180228|0|       23681|     0.0095|     0.0095|     2.8660|N|     0.2529|     0.0001|         1950.00| 12.00|  7.00|           1|           1|          30|           1|          10|     0.0001|0010E   |        
R0301|10001160|510050P1802M02700  |50ETF沽2月2700      |510050|50ETF   |EBS|E|P|      10000|     2.7000|20180102|20180228|20180228|20180301|20180228|0|       22197|     0.0138|     0.0138|     2.8660|N|     0.2672|     0.0001|         2028.00| 12.00|  7.00|           1|           1|          30|           1|          10|     0.0001|0010E   |        
R0301|10001161|510050P1802M03000  |50ETF沽2月3000      |510050|50ETF   |EBS|E|P|      10000|     3.0000|20180102|20180228|20180228|20180301|20180228|0|       12981|     0.1463|     0.1463|     2.8660|N|     0.4329|     0.0001|         4902.20| 12.00|  7.00|           1|           1|          30|           1|          10|     0.0001|0010E   |        
R0301|10001162|510050P1802M03100  |50ETF沽2月3100      |510050|50ETF   |EBS|E|P|      10000|     3.1000|20180102|20180228|20180228|20180301|20180228|0|       16416|     0.2365|     0.2365|     2.8660|N|     0.5231|     0.0001|         5804.20| 12.00|  7.00|           1|           1|          30|           1|          10|     0.0001|0010E   |        
R0301|10001163|510050C1803M02650  |50ETF购3月2650      |510050|50ETF   |EBS|E|C|      10000|     2.6500|20180102|20180328|20180328|20180329|20180328|1|        2549|     0.2562|     0.2564|     2.8660|N|     0.5430|     0.0001|         6003.20| 12.00|  7.00|           1|           1|          30|           1|          10|     0.0001|0000E   |        
R0301|10001164|510050C1803M03100  |50ETF购3月3100      |510050|50ETF   |EBS|E|C|      10000|     3.1000|20180102|20180328|20180328|20180329|20180328|1|       34297|     0.0306|     0.0306|     2.8660|N|     0.2938|     0.0001|         2312.20| 12.00|  7.00|           1|           1|          30|           1|          10|     0.0001|0000E   |        
R0301|10001165|510050P1803M02650  |50ETF沽3月2650      |510050|50ETF   |EBS|E|P|      10000|     2.6500|20180102|20180328|20180328|20180329|20180328|1|        9691|     0.0335|     0.0335|     2.8660|N|     0.2769|     0.0001|         2190.00| 12.00|  7.00|           1|           1|          30|           1|          10|     0.0001|0000E   |        
R0301|10001166|510050P1803M03100  |50ETF沽3月3100      |510050|50ETF   |EBS|E|P|      10000|     3.1000|20180102|20180328|20180328|20180329|20180328|1|       10388|     0.2552|     0.2552|     2.8660|N|     0.5418|     0.0001|         5991.20| 12.00|  7.00|           1|           1|          30|           1|          10|     0.0001|0000E   |        
R0301|10001167|510050C1806M02650  |50ETF购6月2650      |510050|50ETF   |EBS|E|C|      10000|     2.6500|20180102|20180627|20180627|20180628|20180627|1|        1825|     0.3221|     0.3219|     2.8660|N|     0.6085|     0.0353|         6658.20| 12.00|  7.00|           1|           1|          30|           1|          10|     0.0001|0000E   |        
R0301|10001168|510050C1806M03100  |50ETF购6月3100      |510050|50ETF   |EBS|E|C|      10000|     3.1000|20180102|20180627|20180627|20180628|20180627|1|        9364|     0.1020|     0.1020|     2.8660|N|     0.3652|     0.0001|         3026.20| 12.00|  7.00|           1|           1|          30|           1|          10|     0.0001|0000E   |        
R0301|10001169|510050P1806M02650  |50ETF沽6月2650      |510050|50ETF   |EBS|E|P|      10000|     2.6500|20180102|20180627|20180627|20180628|20180627|1|        8213|     0.0788|     0.0788|     2.8660|N|     0.3222|     0.0001|         2643.00| 12.00|  7.00|           1|           1|          30|           1|          10|     0.0001|0000E   |        
R0301|10001170|510050P1806M03100  |50ETF沽6月3100      |510050|50ETF   |EBS|E|P|      10000|     3.1000|20180102|20180627|20180627|20180628|20180627|1|        3238|     0.3012|     0.3012|     2.8660|N|     0.5878|     0.0146|         6451.20| 12.00|  7.00|           1|           1|          30|           1|          10|     0.0001|0000E   |        
R0301|10001173|510050C1802M03200  |50ETF购2月3200      |510050|50ETF   |EBS|E|C|      10000|     3.2000|20180103|20180228|20180228|20180301|20180228|0|       80358|     0.0014|     0.0014|     2.8660|N|     0.2546|     0.0001|         2020.20| 12.00|  7.00|           1|           1|          30|           1|          10|     0.0001|0010E   |        
R0301|10001174|510050P1802M03200  |50ETF沽2月3200      |510050|50ETF   |EBS|E|P|      10000|     3.2000|20180103|20180228|20180228|20180301|20180228|0|       13583|     0.3337|     0.3348|     2.8660|N|     0.6214|     0.0482|         6787.20| 12.00|  7.00|           1|           1|          30|           1|          10|     0.0001|0010E   |        
R0301|10001175|510050C1803M03200  |50ETF购3月3200      |510050|50ETF   |EBS|E|C|      10000|     3.2000|20180103|20180328|20180328|20180329|20180328|1|       34398|     0.0181|     0.0181|     2.8660|N|     0.2713|     0.0001|         2187.20| 12.00|  7.00|           1|           1|          30|           1|          10|     0.0001|0000E   |        
R0301|10001176|510050P1803M03200  |50ETF沽3月3200      |510050|50ETF   |EBS|E|P|      10000|     3.2000|20180103|20180328|20180328|20180329|20180328|1|        7343|     0.3413|     0.3413|     2.8660|N|     0.6279|     0.0547|         6852.20| 12.00|  7.00|           1|           1|          30|           1|          10|     0.0001|0000E   |        
R0301|10001177|510050C1806M03200  |50ETF购6月3200      |510050|50ETF   |EBS|E|C|      10000|     3.2000|20180103|20180627|20180627|20180628|20180627|1|       11697|     0.0778|     0.0774|     2.8660|N|     0.3306|     0.0001|         2780.20| 12.00|  7.00|           1|           1|          30|           1|          10|     0.0001|0000E   |        
R0301|10001178|510050P1806M03200  |50ETF沽6月3200      |510050|50ETF   |EBS|E|P|      10000|     3.2000|20180103|20180627|20180627|20180628|20180627|1|        3029|     0.3754|     0.3759|     2.8660|N|     0.6625|     0.0893|         7198.20| 12.00|  7.00|           1|           1|          30|           1|          10|     0.0001|0000E   |        
R0301|10001181|510050C1802M03300  |50ETF购2月3300      |510050|50ETF   |EBS|E|C|      10000|     3.3000|20180108|20180228|20180228|20180301|20180228|0|       56588|     0.0010|     0.0010|     2.8660|N|     0.2442|     0.0001|         2016.20| 12.00|  7.00|           1|           1|          30|           1|          10|     0.0001|0010E   |        
R0301|10001182|510050P1802M03300  |50ETF沽2月3300      |510050|50ETF   |EBS|E|P|      10000|     3.3000|20180108|20180228|20180228|20180301|20180228|0|        7969|     0.4356|     0.4356|     2.8660|N|     0.7222|     0.1490|         7795.20| 12.00|  7.00|           1|           1|          30|           1|          10|     0.0001|0010E   |        
R0301|10001183|510050C1803M03300  |50ETF购3月3300      |510050|50ETF   |EBS|E|C|      10000|     3.3000|20180108|20180328|20180328|20180329|20180328|1|       36718|     0.0113|     0.0113|     2.8660|N|     0.2545|     0.0001|         2119.20| 12.00|  7.00|           1|           1|          30|           1|          10|     0.0001|0000E   |        
R0301|10001184|510050P1803M03300  |50ETF沽3月3300      |510050|50ETF   |EBS|E|P|      10000|     3.3000|20180108|20180328|20180328|20180329|20180328|1|        5400|     0.4304|     0.4356|     2.8660|N|     0.7222|     0.1490|         7795.20| 12.00|  7.00|           1|           1|          30|           1|          10|     0.0001|0000E   |        
R0301|10001185|510050C1806M03300  |50ETF购6月3300      |510050|50ETF   |EBS|E|C|      10000|     3.3000|20180108|20180627|20180627|20180628|20180627|1|        6168|     0.0598|     0.0598|     2.8660|N|     0.3030|     0.0001|         2604.20| 12.00|  7.00|           1|           1|          30|           1|          10|     0.0001|0000E   |        
R0301|10001186|510050P1806M03300  |50ETF沽6月3300      |510050|50ETF   |EBS|E|P|      10000|     3.3000|20180108|20180627|20180627|20180628|20180627|1|        1739|     0.4606|     0.4606|     2.8660|N|     0.7472|     0.1740|         8045.20| 12.00|  7.00|           1|           1|          30|           1|          10|     0.0001|0000E   |        
R0301|10001189|510050C1802M03400  |50ETF购2月3400      |510050|50ETF   |EBS|E|C|      10000|     3.4000|20180111|20180228|20180228|20180301|20180228|0|       33559|     0.0007|     0.0007|     2.8660|N|     0.2339|     0.0001|         2013.20| 12.00|  7.00|           1|           1|          30|           1|          10|     0.0001|0010E   |        
R0301|10001190|510050P1802M03400  |50ETF沽2月3400      |510050|50ETF   |EBS|E|P|      10000|     3.4000|20180111|20180228|20180228|20180301|20180228|0|        1677|     0.5352|     0.5352|     2.8660|N|     0.8218|     0.2486|         8791.20| 12.00|  7.00|           1|           1|          30|           1|          10|     0.0001|0010E   |        
R0301|10001191|510050C1803M03400  |50ETF购3月3400      |510050|50ETF   |EBS|E|C|      10000|     3.4000|20180111|20180328|20180328|20180329|20180328|1|       23221|     0.0074|     0.0074|     2.8660|N|     0.2406|     0.0001|         2080.20| 12.00|  7.00|           1|           1|          30|           1|          10|     0.0001|0000E   |        
R0301|10001192|510050P1803M03400  |50ETF沽3月3400      |510050|50ETF   |EBS|E|P|      10000|     3.4000|20180111|20180328|20180328|20180329|20180328|1|        3993|     0.5270|     0.5352|     2.8660|N|     0.8218|     0.2486|         8791.20| 12.00|  7.00|           1|           1|          30|           1|          10|     0.0001|0000E   |        
R0301|10001193|510050C1806M03400  |50ETF购6月3400      |510050|50ETF   |EBS|E|C|      10000|     3.4000|20180111|20180627|20180627|20180628|20180627|1|        7715|     0.0461|     0.0461|     2.8660|N|     0.2793|     0.0001|         2467.20| 12.00|  7.00|           1|           1|          30|           1|          10|     0.0001|0000E   |        
R0301|10001194|510050P1806M03400  |50ETF沽6月3400      |510050|50ETF   |EBS|E|P|      10000|     3.4000|20180111|20180627|20180627|20180628|20180627|1|        1484|     0.5460|     0.5460|     2.8660|N|     0.8326|     0.2594|         8899.20| 12.00|  7.00|           1|           1|          30|           1|          10|     0.0001|0000E   |        
R0301|10001197|510050C1802M03500  |50ETF购2月3500      |510050|50ETF   |EBS|E|C|      10000|     3.5000|20180117|20180228|20180228|20180301|20180228|0|       30631|     0.0010|     0.0007|     2.8660|N|     0.2239|     0.0001|         2013.20| 12.00|  7.00|           1|           1|          30|           1|          10|     0.0001|0010E   |        
R0301|10001198|510050P1802M03500  |50ETF沽2月3500      |510050|50ETF   |EBS|E|P|      10000|     3.5000|20180117|20180228|20180228|20180301|20180228|0|        1915|     0.6300|     0.6340|     2.8660|N|     0.9206|     0.3474|         9779.20| 12.00|  7.00|           1|           1|          30|           1|          10|     0.0001|0010E   |        
R0301|10001199|510050C1803M03500  |50ETF购3月3500      |510050|50ETF   |EBS|E|C|      10000|     3.5000|20180117|20180328|20180328|20180329|20180328|1|       24523|     0.0056|     0.0056|     2.8660|N|     0.2288|     0.0001|         2062.20| 12.00|  7.00|           1|           1|          30|           1|          10|     0.0001|0000E   |        
R0301|10001200|510050P1803M03500  |50ETF沽3月3500      |510050|50ETF   |EBS|E|P|      10000|     3.5000|20180117|20180328|20180328|20180329|20180328|1|        2920|     0.6266|     0.6340|     2.8660|N|     0.9206|     0.3474|         9779.20| 12.00|  7.00|           1|           1|          30|           1|          10|     0.0001|0000E   |        
R0301|10001201|510050C1806M03500  |50ETF购6月3500      |510050|50ETF   |EBS|E|C|      10000|     3.5000|20180117|20180627|20180627|20180628|20180627|1|       14520|     0.0375|     0.0375|     2.8660|N|     0.2607|     0.0001|         2381.20| 12.00|  7.00|           1|           1|          30|           1|          10|     0.0001|0000E   |        
R0301|10001202|510050P1806M03500  |50ETF沽6月3500      |510050|50ETF   |EBS|E|P|      10000|     3.5000|20180117|20180627|20180627|20180628|20180627|1|        1741|     0.6312|     0.6340|     2.8660|N|     0.9206|     0.3474|         9779.20| 12.00|  7.00|           1|           1|          30|           1|          10|     0.0001|0000E   |        
R0301|10001205|510050C1802M03600  |50ETF购2月3600      |510050|50ETF   |EBS|E|C|      10000|     3.6000|20180124|20180228|20180228|20180301|20180228|0|       30350|     0.0007|     0.0007|     2.8660|N|     0.2139|     0.0001|         2013.20| 12.00|  7.00|           1|           1|          30|           1|          10|     0.0001|0010E   |        
R0301|10001206|510050P1802M03600  |50ETF沽2月3600      |510050|50ETF   |EBS|E|P|      10000|     3.6000|20180124|20180228|20180228|20180301|20180228|0|        1432|     0.7297|     0.7340|     2.8660|N|     1.0206|     0.4474|        10779.20| 12.00|  7.00|           1|           1|          30|           1|          10|     0.0001|0010E   |        
R0301|10001207|510050C1803M03600  |50ETF购3月3600      |510050|50ETF   |EBS|E|C|      10000|     3.6000|20180124|20180328|20180328|20180329|20180328|1|       23400|     0.0037|     0.0037|     2.8660|N|     0.2169|     0.0001|         2043.20| 12.00|  7.00|           1|           1|          30|           1|          10|     0.0001|0000E   |        
R0301|10001208|510050P1803M03600  |50ETF沽3月3600      |510050|50ETF   |EBS|E|P|      10000|     3.6000|20180124|20180328|20180328|20180329|20180328|1|        2167|     0.7192|     0.7340|     2.8660|N|     1.0206|     0.4474|        10779.20| 12.00|  7.00|           1|           1|          30|           1|          10|     0.0001|0000E   |        
R0301|10001209|510050C1806M03600  |50ETF购6月3600      |510050|50ETF   |EBS|E|C|      10000|     3.6000|20180124|20180627|20180627|20180628|20180627|1|       18924|     0.0309|     0.0309|     2.8660|N|     0.2441|     0.0001|         2315.20| 12.00|  7.00|           1|           1|          30|           1|          10|     0.0001|0000E   |        
R0301|10001210|510050P1806M03600  |50ETF沽6月3600      |510050|50ETF   |EBS|E|P|      10000|     3.6000|20180124|20180627|20180627|20180628|20180627|1|        1268|     0.7240|     0.7340|     2.8660|N|     1.0206|     0.4474|        10779.20| 12.00|  7.00|           1|           1|          30|           1|          10|     0.0001|0000E   |        
R0301|10001211|510050C1809M02900  |50ETF购9月2900      |510050|50ETF   |EBS|E|C|      10000|     2.9000|20180125|20180926|20180926|20180927|20180926|0|        1916|     0.2315|     0.2315|     2.8660|N|     0.5147|     0.0001|         5414.20| 12.00|  7.00|           1|           1|          30|           1|          10|     0.0001|0000E   |        
R0301|10001212|510050C1809M02950  |50ETF购9月2950      |510050|50ETF   |EBS|E|C|      10000|     2.9500|20180125|20180926|20180926|20180927|20180926|0|        1482|     0.2119|     0.2104|     2.8660|N|     0.4886|     0.0001|         4703.20| 12.00|  7.00|           1|           1|          30|           1|          10|     0.0001|0000E   |        
R0301|10001213|510050C1809M03000  |50ETF购9月3000      |510050|50ETF   |EBS|E|C|      10000|     3.0000|20180125|20180926|20180926|20180927|20180926|0|        2756|     0.1890|     0.1896|     2.8660|N|     0.4628|     0.0001|         3995.20| 12.00|  7.00|           1|           1|          30|           1|          10|     0.0001|0000E   |        
R0301|10001214|510050C1809M03100  |50ETF购9月3100      |510050|50ETF   |EBS|E|C|      10000|     3.1000|20180125|20180926|20180926|20180927|20180926|0|        4182|     0.1541|     0.1540|     2.8660|N|     0.4172|     0.0001|         3546.20| 12.00|  7.00|           1|           1|          30|           1|          10|     0.0001|0000E   |        
R0301|10001215|510050C1809M03200  |50ETF购9月3200      |510050|50ETF   |EBS|E|C|      10000|     3.2000|20180125|20180926|20180926|20180927|20180926|0|        4398|     0.1270|     0.1262|     2.8660|N|     0.3794|     0.0001|         3268.20| 12.00|  7.00|           1|           1|          30|           1|          10|     0.0001|0000E   |        
R0301|10001216|510050C1809M03300  |50ETF购9月3300      |510050|50ETF   |EBS|E|C|      10000|     3.3000|20180125|20180926|20180926|20180927|20180926|0|        2998|     0.1028|     0.1028|     2.8660|N|     0.3460|     0.0001|         3034.20| 12.00|  7.00|           1|           1|          30|           1|          10|     0.0001|0000E   |        
R0301|10001217|510050C1809M03400  |50ETF购9月3400      |510050|50ETF   |EBS|E|C|      10000|     3.4000|20180125|20180926|20180926|20180927|20180926|0|        2620|     0.0842|     0.0831|     2.8660|N|     0.3163|     0.0001|         2837.20| 12.00|  7.00|           1|           1|          30|           1|          10|     0.0001|0000E   |        
R0301|10001218|510050C1809M03500  |50ETF购9月3500      |510050|50ETF   |EBS|E|C|      10000|     3.5000|20180125|20180926|20180926|20180927|20180926|0|        3736|     0.0684|     0.0684|     2.8660|N|     0.2916|     0.0001|         2690.20| 12.00|  7.00|           1|           1|          30|           1|          10|     0.0001|0000E   |        
R0301|10001219|510050C1809M03600  |50ETF购9月3600      |510050|50ETF   |EBS|E|C|      10000|     3.6000|20180125|20180926|20180926|20180927|20180926|0|       10879|     0.0573|     0.0573|     2.8660|N|     0.2705|     0.0001|         2579.20| 12.00|  7.00|           1|           1|          30|           1|          10|     0.0001|0000E   |        
R0301|10001220|510050P1809M02900  |50ETF沽9月2900      |510050|50ETF   |EBS|E|P|      10000|     2.9000|20180125|20180926|20180926|20180927|20180926|0|        2678|     0.2040|     0.2044|     2.8660|N|     0.4910|     0.0001|         5483.20| 12.00|  7.00|           1|           1|          30|           1|          10|     0.0001|0000E   |        
R0301|10001221|510050P1809M02950  |50ETF沽9月2950      |510050|50ETF   |EBS|E|P|      10000|     2.9500|20180125|20180926|20180926|20180927|20180926|0|        1366|     0.2368|     0.2320|     2.8660|N|     0.5186|     0.0001|         5759.20| 12.00|  7.00|           1|           1|          30|           1|          10|     0.0001|0000E   |        
R0301|10001222|510050P1809M03000  |50ETF沽9月3000      |510050|50ETF   |EBS|E|P|      10000|     3.0000|20180125|20180926|20180926|20180927|20180926|0|        3317|     0.2617|     0.2617|     2.8660|N|     0.5483|     0.0001|         6056.20| 12.00|  7.00|           1|           1|          30|           1|          10|     0.0001|0000E   |        
R0301|10001223|510050P1809M03100  |50ETF沽9月3100      |510050|50ETF   |EBS|E|P|      10000|     3.1000|20180125|20180926|20180926|20180927|20180926|0|        2258|     0.3205|     0.3218|     2.8660|N|     0.6084|     0.0352|         6657.20| 12.00|  7.00|           1|           1|          30|           1|          10|     0.0001|0000E   |        
R0301|10001224|510050P1809M03200  |50ETF沽9月3200      |510050|50ETF   |EBS|E|P|      10000|     3.2000|20180125|20180926|20180926|20180927|20180926|0|        1590|     0.3928|     0.3928|     2.8660|N|     0.6794|     0.1062|         7367.20| 12.00|  7.00|           1|           1|          30|           1|          10|     0.0001|0000E   |        
R0301|10001225|510050P1809M03300  |50ETF沽9月3300      |510050|50ETF   |EBS|E|P|      10000|     3.3000|20180125|20180926|20180926|20180927|20180926|0|        1318|     0.4675|     0.4675|     2.8660|N|     0.7541|     0.1809|         8114.20| 12.00|  7.00|           1|           1|          30|           1|          10|     0.0001|0000E   |        
R0301|10001226|510050P1809M03400  |50ETF沽9月3400      |510050|50ETF   |EBS|E|P|      10000|     3.4000|20180125|20180926|20180926|20180927|20180926|0|        1984|     0.5547|     0.5460|     2.8660|N|     0.8326|     0.2594|         8899.20| 12.00|  7.00|           1|           1|          30|           1|          10|     0.0001|0000E   |        
R0301|10001227|510050P1809M03500  |50ETF沽9月3500      |510050|50ETF   |EBS|E|P|      10000|     3.5000|20180125|20180926|20180926|20180927|20180926|0|        1074|     0.6288|     0.6340|     2.8660|N|     0.9206|     0.3474|         9779.20| 12.00|  7.00|           1|           1|          30|           1|          10|     0.0001|0000E   |        
R0301|10001228|510050P1809M03600  |50ETF沽9月3600      |510050|50ETF   |EBS|E|P|      10000|     3.6000|20180125|20180926|20180926|20180927|20180926|0|        1835|     0.7142|     0.7340|     2.8660|N|     1.0206|     0.4474|        10779.20| 12.00|  7.00|           1|           1|          30|           1|          10|     0.0001|0000E   |        
R0301|10001229|510050C1809M02850  |50ETF购9月2850      |510050|50ETF   |EBS|E|C|      10000|     2.8500|20180130|20180926|20180926|20180927|20180926|0|        2137|     0.2556|     0.2556|     2.8660|N|     0.5422|     0.0001|         5995.20| 12.00|  7.00|           1|           1|          30|           1|          10|     0.0001|0000E   |        
R0301|10001230|510050P1809M02850  |50ETF沽9月2850      |510050|50ETF   |EBS|E|P|      10000|     2.8500|20180130|20180926|20180926|20180927|20180926|0|        3312|     0.1799|     0.1799|     2.8660|N|     0.4633|     0.0001|         5078.20| 12.00|  7.00|           1|           1|          30|           1|          10|     0.0001|0000E   |        
R0301|10001231|510050C1809M02800  |50ETF购9月2800      |510050|50ETF   |EBS|E|C|      10000|     2.8000|20180208|20180926|20180926|20180927|20180926|0|        1869|     0.2846|     0.2844|     2.8660|N|     0.5710|     0.0001|         6283.20| 12.00|  7.00|           1|           1|          30|           1|          10|     0.0001|0000E   |        
R0301|10001232|510050P1809M02800  |50ETF沽9月2800      |510050|50ETF   |EBS|E|P|      10000|     2.8000|20180208|20180926|20180926|20180927|20180926|0|        1876|     0.1581|     0.1581|     2.8660|N|     0.4315|     0.0001|         4360.20| 12.00|  7.00|           1|           1|          30|           1|          10|     0.0001|0000E   |        
R0301|10001233|510050C1809M02750  |50ETF购9月2750      |510050|50ETF   |EBS|E|C|      10000|     2.7500|20180209|20180926|20180926|20180927|20180926|0|         938|     0.3096|     0.3096|     2.8660|N|     0.5962|     0.0230|         6535.20| 12.00|  7.00|           1|           1|          30|           1|          10|     0.0001|0000E   |        
R0301|10001234|510050P1809M02750  |50ETF沽9月2750      |510050|50ETF   |EBS|E|P|      10000|     2.7500|20180209|20180926|20180926|20180927|20180926|0|        1811|     0.1368|     0.1368|     2.8660|N|     0.4002|     0.0001|         3647.20| 12.00|  7.00|           1|           1|          30|           1|          10|     0.0001|0000E   |        
R0301|10001235|510050C1802M02600  |50ETF购2月2600      |510050|50ETF   |EBS|E|C|      10000|     2.6000|20180212|20180228|20180228|20180301|20180228|0|        1787|     0.2690|     0.2690|     2.8660|N|     0.5556|     0.0001|         6129.20| 12.00|  7.00|           1|           1|          30|           1|          10|     0.0001|0010E   |        
R0301|10001236|510050P1802M02600  |50ETF沽2月2600      |510050|50ETF   |EBS|E|P|      10000|     2.6000|20180212|20180228|20180228|20180301|20180228|0|       20558|     0.0066|     0.0066|     2.8660|N|     0.2400|     0.0001|         1886.00| 12.00|  7.00|           1|           1|          30|           1|          10|     0.0001|0010E   |        
R0301|10001237|510050C1803M02600  |50ETF购3月2600      |510050|50ETF   |EBS|E|C|      10000|     2.6000|20180212|20180328|20180328|20180329|20180328|1|        2498|     0.3010|     0.3010|     2.8660|N|     0.5876|     0.0144|         6449.20| 12.00|  7.00|           1|           1|          30|           1|          10|     0.0001|0000E   |        
R0301|10001238|510050P1803M02600  |50ETF沽3月2600      |510050|50ETF   |EBS|E|P|      10000|     2.6000|20180212|20180328|20180328|20180329|20180328|1|       13304|     0.0267|     0.0264|     2.8660|N|     0.2598|     0.0001|         2084.00| 12.00|  7.00|           1|           1|          30|           1|          10|     0.0001|0000E   |        
R0301|10001239|510050C1806M02600  |50ETF购6月2600      |510050|50ETF   |EBS|E|C|      10000|     2.6000|20180212|20180627|20180627|20180628|20180627|1|        1294|     0.3570|     0.3570|     2.8660|N|     0.6436|     0.0704|         7009.20| 12.00|  7.00|           1|           1|          30|           1|          10|     0.0001|0000E   |        
R0301|10001240|510050P1806M02600  |50ETF沽6月2600      |510050|50ETF   |EBS|E|P|      10000|     2.6000|20180212|20180627|20180627|20180628|20180627|1|        8437|     0.0662|     0.0662|     2.8660|N|     0.2996|     0.0001|         2482.00| 12.00|  7.00|           1|           1|          30|           1|          10|     0.0001|0000E   |        
R0301|10001241|510050C1809M02600  |50ETF购9月2600      |510050|50ETF   |EBS|E|C|      10000|     2.6000|20180212|20180926|20180926|20180927|20180926|0|        1023|     0.4095|     0.4095|     2.8660|N|     0.6961|     0.1229|         7534.20| 12.00|  7.00|           1|           1|          30|           1|          10|     0.0001|0000E   |        
R0301|10001242|510050C1809M02650  |50ETF购9月2650      |510050|50ETF   |EBS|E|C|      10000|     2.6500|20180212|20180926|20180926|20180927|20180926|0|         457|     0.3757|     0.3755|     2.8660|N|     0.6621|     0.0889|         7194.20| 12.00|  7.00|           1|           1|          30|           1|          10|     0.0001|0000E   |        
R0301|10001243|510050C1809M02700  |50ETF购9月2700      |510050|50ETF   |EBS|E|C|      10000|     2.7000|20180212|20180926|20180926|20180927|20180926|0|         310|     0.3415|     0.3415|     2.8660|N|     0.6281|     0.0549|         6854.20| 12.00|  7.00|           1|           1|          30|           1|          10|     0.0001|0000E   |        
R0301|10001244|510050P1809M02600  |50ETF沽9月2600      |510050|50ETF   |EBS|E|P|      10000|     2.6000|20180212|20180926|20180926|20180927|20180926|0|        4762|     0.0868|     0.0868|     2.8660|N|     0.3202|     0.0001|         2688.00| 12.00|  7.00|           1|           1|          30|           1|          10|     0.0001|0000E   |        
R0301|10001245|510050P1809M02650  |50ETF沽9月2650      |510050|50ETF   |EBS|E|P|      10000|     2.6500|20180212|20180926|20180926|20180927|20180926|0|        1504|     0.1012|     0.1012|     2.8660|N|     0.3446|     0.0001|         2867.00| 12.00|  7.00|           1|           1|          30|           1|          10|     0.0001|0000E   |        
R0301|10001246|510050P1809M02700  |50ETF沽9月2700      |510050|50ETF   |EBS|E|P|      10000|     2.7000|20180212|20180926|20180926|20180927|20180926|0|         577|     0.1180|     0.1180|     2.8660|N|     0.3714|     0.0001|         3070.00| 12.00|  7.00|           1|           1|          30|           1|          10|     0.0001|0000E   |        
